{
  "model_name": "Llama-3.1-8B-Instruct",
  "act_name": "blocks.21.hook_resid_post",
  "animals": [
    "bear",
    "cat",
    "dog",
    "dragon",
    "eagle",
    "elephant",
    "lion",
    "owl"
  ],
  "cosine_sim": [
    [
      0.995685338973999,
      0.2106597125530243,
      0.28734999895095825,
      0.03248795121908188,
      0.03860456869006157,
      0.12977248430252075,
      0.028694763779640198,
      -0.006258686538785696
    ],
    [
      0.2106597125530243,
      1.0020701885223389,
      0.7406088709831238,
      0.160051628947258,
      -0.14269782602787018,
      0.08327701687812805,
      -0.054767608642578125,
      0.0755140632390976
    ],
    [
      0.28734999895095825,
      0.7406088709831238,
      0.996645987033844,
      0.19119133055210114,
      -0.1283092349767685,
      0.18731747567653656,
      -0.11412565410137177,
      -0.024683382362127304
    ],
    [
      0.03248795121908188,
      0.160051628947258,
      0.19119133055210114,
      0.9975523948669434,
      -0.03587372601032257,
      -0.0174831822514534,
      -0.1528044044971466,
      0.0832979753613472
    ],
    [
      0.03860456869006157,
      -0.14269782602787018,
      -0.1283092349767685,
      -0.03587372601032257,
      0.9982157349586487,
      0.1526087075471878,
      0.18614797294139862,
      0.5080834031105042
    ],
    [
      0.12977248430252075,
      0.08327701687812805,
      0.18731747567653656,
      -0.0174831822514534,
      0.1526087075471878,
      0.996850848197937,
      0.26076701283454895,
      -0.05115316063165665
    ],
    [
      0.028694763779640198,
      -0.054767608642578125,
      -0.11412565410137177,
      -0.1528044044971466,
      0.18614797294139862,
      0.26076701283454895,
      1.0006053447723389,
      -0.1398531198501587
    ],
    [
      -0.006258686538785696,
      0.0755140632390976,
      -0.024683382362127304,
      0.0832979753613472,
      0.5080834031105042,
      -0.05115316063165665,
      -0.1398531198501587,
      1.0039290189743042
    ]
  ]
}